5.9,29.51509,-98.620166,2
5.6,29.51509,-98.620166,8
3.1,29.51509,-98.620166,14
7.4,29.51509,-98.620166,20
7.0,29.51509,-98.620166,26
4.3,29.51509,-98.620166,38
6.4,29.51509,-98.620166,44
10.5,29.51509,-98.620166,50
13.7,29.51509,-98.620166,56
3.8,29.51509,-98.620166,68
10.2,29.51509,-98.620166,74
10.5,29.51509,-98.620166,80
14.7,29.51509,-98.620166,86
18.3,29.51509,-98.620166,92
15.3,29.51509,-98.620166,98
19.7,29.51509,-98.620166,104
25.7,29.51509,-98.620166,110
11.4,29.51509,-98.620166,116
3.3,29.51509,-98.620166,122
19.8,29.51509,-98.620166,128
4.0,29.51509,-98.620166,134
29.7,29.51509,-98.620166,140
24.0,29.51509,-98.620166,146
6.2,29.51509,-98.620166,152
6.9,29.51509,-98.620166,164
6.5,29.51509,-98.620166,170
10.9,29.51509,-98.620166,176
14.4,29.51509,-98.620166,182
8.6,29.51509,-98.620166,188
9.9,29.51509,-98.620166,194
13.1,29.51509,-98.620166,200
9.2,29.51509,-98.620166,206
4.7,29.51509,-98.620166,212
6.0,29.51509,-98.620166,218
7.7,29.51509,-98.620166,224
9.3,29.51509,-98.620166,230
6.2,29.51509,-98.620166,236
8.3,29.51509,-98.620166,248
11.0,29.51509,-98.620166,254
7.7,29.51509,-98.620166,260
9.4,29.51509,-98.620166,266
6.0,29.51509,-98.620166,272
6.3,29.51509,-98.620166,278
5.9,29.51509,-98.620166,284
5.1,29.51509,-98.620166,290
7.4,29.51509,-98.620166,296
8.2,29.51509,-98.620166,302
5.7,29.51509,-98.620166,308
5.1,29.51509,-98.620166,314
5.2,29.51509,-98.620166,320
5.3,29.51509,-98.620166,326
7.6,29.51509,-98.620166,332
10.4,29.51509,-98.620166,342
16.8,29.51509,-98.620166,344
6.8,29.51509,-98.620166,350
9.0,29.51509,-98.620166,356
8.6,29.51509,-98.620166,362
6.8,43.0733,-89.4358,1
6.9,43.0733,-89.4358,1
10.1,43.0733,-89.4358,2
16.7,43.0733,-89.4358,3
20.5,43.0733,-89.4358,4
17.0,43.0733,-89.4358,5
11.2,43.0733,-89.4358,6
6.5,43.0733,-89.4358,7
14.6,43.0733,-89.4358,8
22.3,43.0733,-89.4358,9
11.3,43.0733,-89.4358,10
4.3,43.0733,-89.4358,11
13.7,43.0733,-89.4358,12
27.5,43.0733,-89.4358,13
20.8,43.0733,-89.4358,14
8.7,43.0733,-89.4358,15
26.7,43.0733,-89.4358,16
17.3,43.0733,-89.4358,17
8.3,43.0733,-89.4358,18
13.7,43.0733,-89.4358,19
13.3,43.0733,-89.4358,20
21.7,43.0733,-89.4358,21
19.0,43.0733,-89.4358,22
25.7,43.0733,-89.4358,23
35.4,43.0733,-89.4358,24
17.3,43.0733,-89.4358,25
23.8,43.0733,-89.4358,26
4.6,43.0733,-89.4358,31
4.3,43.0733,-89.4358,32
7.8,43.0733,-89.4358,33
10.6,43.0733,-89.4358,34
19.7,43.0733,-89.4358,35
19.1,43.0733,-89.4358,36
5.0,43.0733,-89.4358,37
6.8,43.0733,-89.4358,38
11.6,43.0733,-89.4358,39
20.1,43.0733,-89.4358,40
25.2,43.0733,-89.4358,41
12.6,43.0733,-89.4358,42
12.2,43.0733,-89.4358,43
8.1,43.0733,-89.4358,44
16.0,43.0733,-89.4358,45
30.2,43.0733,-89.4358,46
17.8,43.0733,-89.4358,47
6.7,43.0733,-89.4358,48
9.2,43.0733,-89.4358,49
10.0,43.0733,-89.4358,50
7.0,43.0733,-89.4358,51
9.1,43.0733,-89.4358,52
18.7,43.0733,-89.4358,53
23.4,43.0733,-89.4358,54
11.0,43.0733,-89.4358,55
12.6,43.0733,-89.4358,56
26.1,43.0733,-89.4358,57
17.1,43.0733,-89.4358,58
16.2,43.0733,-89.4358,59
10.1,43.0733,-89.4358,60
12.0,43.0733,-89.4358,61
31.0,43.0733,-89.4358,66
15.0,43.0733,-89.4358,69
11.4,43.0733,-89.4358,70
12.4,43.0733,-89.4358,71
12.6,43.0733,-89.4358,72
21.5,43.0733,-89.4358,73
9.7,43.0733,-89.4358,74
16.0,43.0733,-89.4358,75
9.4,43.0733,-89.4358,76
7.2,43.0733,-89.4358,77
13.2,43.0733,-89.4358,78
14.1,43.0733,-89.4358,79
5.1,43.0733,-89.4358,80
3.5,43.0733,-89.4358,81
4.7,43.0733,-89.4358,82
11.1,43.0733,-89.4358,83
4.7,43.0733,-89.4358,84
3.9,43.0733,-89.4358,85
7.7,43.0733,-89.4358,86
8.1,43.0733,-89.4358,87
8.2,43.0733,-89.4358,91
13.9,43.0733,-89.4358,92
7.0,43.0733,-89.4358,93
4.5,43.0733,-89.4358,94
8.6,43.0733,-89.4358,95
16.4,43.0733,-89.4358,96
15.2,43.0733,-89.4358,97
27.4,43.0733,-89.4358,98
18.0,43.0733,-89.4358,99
6.7,43.0733,-89.4358,101
9.2,43.0733,-89.4358,102
4.8,43.0733,-89.4358,103
6.6,43.0733,-89.4358,104
5.3,43.0733,-89.4358,105
3.5,43.0733,-89.4358,106
7.4,43.0733,-89.4358,107
4.8,43.0733,-89.4358,108
7.4,43.0733,-89.4358,109
7.0,43.0733,-89.4358,110
9.6,43.0733,-89.4358,111
3.9,43.0733,-89.4358,112
6.3,43.0733,-89.4358,113
7.7,43.0733,-89.4358,114
4.4,43.0733,-89.4358,115
3.0,43.0733,-89.4358,116
2.2,43.0733,-89.4358,117
5.0,43.0733,-89.4358,118
7.9,43.0733,-89.4358,119
4.0,43.0733,-89.4358,120
4.2,43.0733,-89.4358,121
7.2,43.0733,-89.4358,122
6.0,43.0733,-89.4358,123
9.3,43.0733,-89.4358,124
6.5,43.0733,-89.4358,125
5.5,43.0733,-89.4358,126
9.5,43.0733,-89.4358,127
11.5,43.0733,-89.4358,128
21.9,43.0733,-89.4358,129
30.7,43.0733,-89.4358,130
15.7,43.0733,-89.4358,131
11.1,43.0733,-89.4358,132
2.4,43.0733,-89.4358,133
3.2,43.0733,-89.4358,134
3.8,43.0733,-89.4358,135
4.7,43.0733,-89.4358,136
10.3,43.0733,-89.4358,137
10.8,43.0733,-89.4358,138
9.0,43.0733,-89.4358,139
24.9,43.0733,-89.4358,140
11.5,43.0733,-89.4358,141
5.6,43.0733,-89.4358,142
6.6,43.0733,-89.4358,143
5.0,43.0733,-89.4358,144
3.2,43.0733,-89.4358,145
4.2,43.0733,-89.4358,146
10.9,43.0733,-89.4358,147
11.8,43.0733,-89.4358,148
10.5,43.0733,-89.4358,149
6.8,43.0733,-89.4358,150
5.0,43.0733,-89.4358,151
6.1,43.0733,-89.4358,152
16.9,43.0733,-89.4358,153
12.0,43.0733,-89.4358,154
7.2,43.0733,-89.4358,155
14.2,43.0733,-89.4358,156
18.8,43.0733,-89.4358,157
19.3,43.0733,-89.4358,158
6.2,43.0733,-89.4358,159
10.6,43.0733,-89.4358,160
6.0,43.0733,-89.4358,161
4.5,43.0733,-89.4358,162
6.4,43.0733,-89.4358,163
7.7,43.0733,-89.4358,164
8.9,43.0733,-89.4358,165
5.8,43.0733,-89.4358,166
11.3,43.0733,-89.4358,167
13.9,43.0733,-89.4358,168
16.1,43.0733,-89.4358,169
24.0,43.0733,-89.4358,170
10.4,43.0733,-89.4358,171
3.3,43.0733,-89.4358,172
3.0,43.0733,-89.4358,173
4.5,43.0733,-89.4358,174
9.0,43.0733,-89.4358,175
13.0,43.0733,-89.4358,176
8.4,43.0733,-89.4358,177
4.7,43.0733,-89.4358,178
7.7,43.0733,-89.4358,179
16.2,43.0733,-89.4358,180
19.8,43.0733,-89.4358,181
10.0,43.0733,-89.4358,182
8.0,43.0733,-89.4358,183
11.1,43.0733,-89.4358,184
10.2,43.0733,-89.4358,185
10.2,43.0733,-89.4358,186
15.3,43.0733,-89.4358,187
13.2,43.0733,-89.4358,188
14.1,43.0733,-89.4358,189
21.7,43.0733,-89.4358,190
7.2,43.0733,-89.4358,191
5.6,43.0733,-89.4358,192
6.7,43.0733,-89.4358,193
8.2,43.0733,-89.4358,194
11.1,43.0733,-89.4358,195
19.2,43.0733,-89.4358,196
22.9,43.0733,-89.4358,197
21.6,43.0733,-89.4358,198
