14.7,43.0733,-89.4358,199
11.1,43.0733,-89.4358,200
8.3,43.0733,-89.4358,201
5.7,43.0733,-89.4358,202
5.3,43.0733,-89.4358,203
6.4,43.0733,-89.4358,204
6.6,43.0733,-89.4358,205
6.7,43.0733,-89.4358,206
7.6,43.0733,-89.4358,207
7.8,43.0733,-89.4358,208
8.2,43.0733,-89.4358,209
10.8,43.0733,-89.4358,210
12.8,43.0733,-89.4358,211
12.7,43.0733,-89.4358,212
17.5,43.0733,-89.4358,213
11.4,43.0733,-89.4358,214
14.2,43.0733,-89.4358,215
12.0,43.0733,-89.4358,216
14.7,43.0733,-89.4358,217
8.4,43.0733,-89.4358,218
10.2,43.0733,-89.4358,219
5.7,43.0733,-89.4358,220
3.4,43.0733,-89.4358,221
5.3,43.0733,-89.4358,222
9.3,43.0733,-89.4358,223
8.3,43.0733,-89.4358,224
5.5,43.0733,-89.4358,225
6.7,43.0733,-89.4358,226
9.7,43.0733,-89.4358,227
10.8,43.0733,-89.4358,228
7.3,43.0733,-89.4358,229
9.2,43.0733,-89.4358,230
5.3,43.0733,-89.4358,231
5.5,43.0733,-89.4358,232
6.3,43.0733,-89.4358,233
6.3,43.0733,-89.4358,234
8.7,43.0733,-89.4358,235
4.9,43.0733,-89.4358,236
8.2,43.0733,-89.4358,237
8.5,43.0733,-89.4358,238
4.5,43.0733,-89.4358,239
5.4,43.0733,-89.4358,240
8.7,43.0733,-89.4358,241
14.9,43.0733,-89.4358,242
20.9,43.0733,-89.4358,243
15.2,43.0733,-89.4358,244
7.4,43.0733,-89.4358,245
3.0,43.0733,-89.4358,246
1.8,43.0733,-89.4358,247
1.8,43.0733,-89.4358,248
4.0,43.0733,-89.4358,249
6.6,43.0733,-89.4358,250
7.7,43.0733,-89.4358,251
8.7,43.0733,-89.4358,252
9.4,43.0733,-89.4358,253
10.3,43.0733,-89.4358,254
7.2,43.0733,-89.4358,255
3.0,43.0733,-89.4358,256
3.2,43.0733,-89.4358,257
5.0,43.0733,-89.4358,258
7.3,43.0733,-89.4358,259
10.7,43.0733,-89.4358,260
5.8,43.0733,-89.4358,261
7.0,43.0733,-89.4358,262
3.1,43.0733,-89.4358,263
2.0,43.0733,-89.4358,264
4.5,43.0733,-89.4358,265
4.9,43.0733,-89.4358,266
6.3,43.0733,-89.4358,267
5.4,43.0733,-89.4358,268
8.1,43.0733,-89.4358,269
8.1,43.0733,-89.4358,270
4.1,43.0733,-89.4358,271
1.6,43.0733,-89.4358,272
4.8,43.0733,-89.4358,273
6.2,43.0733,-89.4358,274
6.4,43.0733,-89.4358,275
8.4,43.0733,-89.4358,276
12.0,43.0733,-89.4358,277
19.2,43.0733,-89.4358,278
13.6,43.0733,-89.4358,280
14.2,43.0733,-89.4358,281
15.4,43.0733,-89.4358,282
13.0,43.0733,-89.4358,283
11.0,43.0733,-89.4358,284
6.5,43.0733,-89.4358,285
3.5,43.0733,-89.4358,286
3.0,43.0733,-89.4358,287
2.9,43.0733,-89.4358,288
3.4,43.0733,-89.4358,289
4.0,43.0733,-89.4358,290
1.5,43.0733,-89.4358,291
1.8,43.0733,-89.4358,292
3.9,43.0733,-89.4358,293
10.2,43.0733,-89.4358,294
8.7,43.0733,-89.4358,295
5.5,43.0733,-89.4358,296
9.3,43.0733,-89.4358,297
4.2,43.0733,-89.4358,298
7.2,43.0733,-89.4358,299
9.2,43.0733,-89.4358,300
7.2,43.0733,-89.4358,301
8.6,43.0733,-89.4358,302
12.4,43.0733,-89.4358,303
13.3,43.0733,-89.4358,304
8.8,43.0733,-89.4358,305
5.3,43.0733,-89.4358,306
8.1,43.0733,-89.4358,307
6.0,43.0733,-89.4358,311
3.7,43.0733,-89.4358,312
7.4,43.0733,-89.4358,313
7.5,43.0733,-89.4358,314
10.4,43.0733,-89.4358,315
7.4,43.0733,-89.4358,316
7.2,43.0733,-89.4358,317
4.6,43.0733,-89.4358,318
3.8,43.0733,-89.4358,319
6.6,43.0733,-89.4358,320
6.3,43.0733,-89.4358,321
10.5,43.0733,-89.4358,322
6.6,43.0733,-89.4358,323
10.1,43.0733,-89.4358,324
15.0,43.0733,-89.4358,325
18.7,43.0733,-89.4358,326
19.2,43.0733,-89.4358,327
12.2,43.0733,-89.4358,328
10.9,43.0733,-89.4358,329
5.5,43.0733,-89.4358,330
10.7,43.0733,-89.4358,331
5.2,43.0733,-89.4358,332
4.7,43.0733,-89.4358,333
8.7,43.0733,-89.4358,334
8.9,43.0733,-89.4358,335
19.2,43.0733,-89.4358,336
11.0,43.0733,-89.4358,337
11.1,43.0733,-89.4358,338
7.8,43.0733,-89.4358,339
15.1,43.0733,-89.4358,340
14.0,43.0733,-89.4358,341
5.9,43.0733,-89.4358,342
11.0,43.0733,-89.4358,343
19.9,43.0733,-89.4358,344
19.7,43.0733,-89.4358,345
20.2,43.0733,-89.4358,346
10.6,43.0733,-89.4358,347
7.5,43.0733,-89.4358,348
6.7,43.0733,-89.4358,349
12.6,43.0733,-89.4358,350
12.6,43.0733,-89.4358,351
6.0,43.0733,-89.4358,356
8.4,43.0733,-89.4358,357
7.2,43.0733,-89.4358,358
5.3,43.0733,-89.4358,359
4.5,43.0733,-89.4358,360
6.9,43.0733,-89.4358,361
14.4,43.0733,-89.4358,362
19.6,43.0733,-89.4358,363
15.8,43.0733,-89.4358,364
4.8,17.957894,-66.165016,59
4.6,17.957894,-66.165016,62
3.0,17.957894,-66.165016,65
4.6,17.957894,-66.165016,83
8.1,17.957894,-66.165016,89
10.4,17.957894,-66.165016,92
4.7,17.957894,-66.165016,95
3.6,17.957894,-66.165016,98
3.9,17.957894,-66.165016,101
4.2,17.957894,-66.165016,104
3.4,17.957894,-66.165016,107
3.4,17.957894,-66.165016,110
5.8,17.957894,-66.165016,113
4.2,17.957894,-66.165016,116
4.2,17.957894,-66.165016,119
4.0,17.957894,-66.165016,122
4.9,17.957894,-66.165016,125
4.4,17.957894,-66.165016,128
7.6,17.957894,-66.165016,131
3.4,17.957894,-66.165016,134
3.4,17.957894,-66.165016,137
3.0,17.957894,-66.165016,140
4.6,17.957894,-66.165016,143
12.9,17.957894,-66.165016,146
13.7,17.957894,-66.165016,149
14.4,17.957894,-66.165016,152
6.7,17.957894,-66.165016,158
8.8,17.957894,-66.165016,161
5.9,17.957894,-66.165016,164
4.7,17.957894,-66.165016,167
4.3,17.957894,-66.165016,170
10.3,17.957894,-66.165016,173
4.7,17.957894,-66.165016,176
10.7,17.957894,-66.165016,179
4.6,17.957894,-66.165016,182
6.4,17.957894,-66.165016,185
3.3,17.957894,-66.165016,188
4.3,17.957894,-66.165016,191
6.9,17.957894,-66.165016,194
5.0,17.957894,-66.165016,197
6.2,17.957894,-66.165016,200
2.5,17.957894,-66.165016,203
3.6,17.957894,-66.165016,209
6.1,17.957894,-66.165016,212
9.0,17.957894,-66.165016,215
5.2,17.957894,-66.165016,218
4.5,17.957894,-66.165016,221
9.3,17.957894,-66.165016,224
7.5,17.957894,-66.165016,227
4.4,17.957894,-66.165016,239
3.4,17.957894,-66.165016,242
3.1,17.957894,-66.165016,245
6.1,17.957894,-66.165016,248
9.2,17.957894,-66.165016,251
3.3,17.957894,-66.165016,254
8.0,17.957894,-66.165016,257
2.9,17.957894,-66.165016,260
4.8,17.957894,-66.165016,263
5.7,17.957894,-66.165016,266
3.7,17.957894,-66.165016,269
3.9,17.957894,-66.165016,272
4.0,17.957894,-66.165016,275
6.1,17.957894,-66.165016,278
1.9,17.957894,-66.165016,281
6.4,17.957894,-66.165016,284
5.9,17.957894,-66.165016,287
10.3,17.957894,-66.165016,290
2.8,17.957894,-66.165016,293
7.3,17.957894,-66.165016,296
4.1,17.957894,-66.165016,299
2.3,17.957894,-66.165016,302
2.4,17.957894,-66.165016,305
12.8,17.957894,-66.165016,308
3.5,17.957894,-66.165016,311
5.6,17.957894,-66.165016,314
3.1,17.957894,-66.165016,317
2.2,17.957894,-66.165016,320
3.3,17.957894,-66.165016,323
3.3,17.957894,-66.165016,335
4.6,17.957894,-66.165016,338
3.8,17.957894,-66.165016,341
1.9,17.957894,-66.165016,344
5.0,17.957894,-66.165016,346
5.4,17.957894,-66.165016,347
2.7,17.957894,-66.165016,348
2.7,17.957894,-66.165016,362
